1580841654.8082845
	person, 0.9992638230323792, [0.21974874 0.33972597 0.45497572 1.        ]
	person, 0.9946765303611755, [0.41751122 0.23235655 0.7612479  0.983644  ]
1580841654.9533117
	person, 0.9992638230323792, [0.21974874 0.33972597 0.45497572 1.        ]
	person, 0.9946765303611755, [0.41751122 0.23235655 0.7612479  0.983644  ]
1580841655.095316
	person, 0.9992638230323792, [0.21974874 0.33972597 0.45497572 1.        ]
	person, 0.9946765303611755, [0.41751122 0.23235655 0.7612479  0.983644  ]
1580841655.239652
	person, 0.9992638230323792, [0.21974874 0.33972597 0.45497572 1.        ]
	person, 0.9946765303611755, [0.41751122 0.23235655 0.7612479  0.983644  ]
1580841655.382847
	person, 0.9992638230323792, [0.21974874 0.33972597 0.45497572 1.        ]
	person, 0.9946765303611755, [0.41751122 0.23235655 0.7612479  0.983644  ]
1580841655.5214126
	person, 0.9992638230323792, [0.21974874 0.33972597 0.45497572 1.        ]
	person, 0.9946765303611755, [0.41751122 0.23235655 0.7612479  0.983644  ]
1580841655.659609
	person, 0.9992638230323792, [0.21974874 0.33972597 0.45497572 1.        ]
	person, 0.9946765303611755, [0.41751122 0.23235655 0.7612479  0.983644  ]
1580841655.7967172
	person, 0.9992638230323792, [0.21974874 0.33972597 0.45497572 1.        ]
	person, 0.9946765303611755, [0.41751122 0.23235655 0.7612479  0.983644  ]
1580841655.932796
	person, 0.9992638230323792, [0.21974874 0.33972597 0.45497572 1.        ]
	person, 0.9946765303611755, [0.41751122 0.23235655 0.7612479  0.983644  ]
1580841656.0838068
	person, 0.9992638230323792, [0.21974874 0.33972597 0.45497572 1.        ]
	person, 0.9946765303611755, [0.41751122 0.23235655 0.7612479  0.983644  ]
1580841656.2293515
	person, 0.9992638230323792, [0.21974874 0.33972597 0.45497572 1.        ]
	person, 0.9946765303611755, [0.41751122 0.23235655 0.7612479  0.983644  ]
1580841656.3681495
	person, 0.9992638230323792, [0.21974874 0.33972597 0.45497572 1.        ]
	person, 0.9946765303611755, [0.41751122 0.23235655 0.7612479  0.983644  ]
1580841656.511379
	person, 0.9992638230323792, [0.21974874 0.33972597 0.45497572 1.        ]
	person, 0.9946765303611755, [0.41751122 0.23235655 0.7612479  0.983644  ]
1580841656.6602938
	person, 0.9992638230323792, [0.21974874 0.33972597 0.45497572 1.        ]
	person, 0.9946765303611755, [0.41751122 0.23235655 0.7612479  0.983644  ]
1580841656.8215423
	person, 0.9992638230323792, [0.21974874 0.33972597 0.45497572 1.        ]
	person, 0.9946765303611755, [0.41751122 0.23235655 0.7612479  0.983644  ]
1580841656.9602647
	person, 0.9992638230323792, [0.21974874 0.33972597 0.45497572 1.        ]
	person, 0.9946765303611755, [0.41751122 0.23235655 0.7612479  0.983644  ]
1580841657.102856
	person, 0.9992638230323792, [0.21974874 0.33972597 0.45497572 1.        ]
	person, 0.9946765303611755, [0.41751122 0.23235655 0.7612479  0.983644  ]
1580841657.2521474
	person, 0.9992638230323792, [0.21974874 0.33972597 0.45497572 1.        ]
	person, 0.9946765303611755, [0.41751122 0.23235655 0.7612479  0.983644  ]
1580841657.3995168
	person, 0.9992638230323792, [0.21974874 0.33972597 0.45497572 1.        ]
	person, 0.9946765303611755, [0.41751122 0.23235655 0.7612479  0.983644  ]
1580841657.549261
	person, 0.9992638230323792, [0.21974874 0.33972597 0.45497572 1.        ]
	person, 0.9946765303611755, [0.41751122 0.23235655 0.7612479  0.983644  ]
1580841657.699212
	person, 0.9992638230323792, [0.21974874 0.33972597 0.45497572 1.        ]
	person, 0.9946765303611755, [0.41751122 0.23235655 0.7612479  0.983644  ]
1580841657.839711
	person, 0.9992638230323792, [0.21974874 0.33972597 0.45497572 1.        ]
	person, 0.9946765303611755, [0.41751122 0.23235655 0.7612479  0.983644  ]
1580841658.001155
	person, 0.9992638230323792, [0.21974874 0.33972597 0.45497572 1.        ]
	person, 0.9946765303611755, [0.41751122 0.23235655 0.7612479  0.983644  ]
1580841658.144507
	person, 0.9992638230323792, [0.21974874 0.33972597 0.45497572 1.        ]
	person, 0.9946765303611755, [0.41751122 0.23235655 0.7612479  0.983644  ]
1580841658.285902
	person, 0.9992638230323792, [0.21974874 0.33972597 0.45497572 1.        ]
	person, 0.9946765303611755, [0.41751122 0.23235655 0.7612479  0.983644  ]
1580841658.4249275
	person, 0.9992638230323792, [0.21974874 0.33972597 0.45497572 1.        ]
	person, 0.9946765303611755, [0.41751122 0.23235655 0.7612479  0.983644  ]
1580841658.5613112
	person, 0.9992638230323792, [0.21974874 0.33972597 0.45497572 1.        ]
	person, 0.9946765303611755, [0.41751122 0.23235655 0.7612479  0.983644  ]
1580841658.697789
	person, 0.9992638230323792, [0.21974874 0.33972597 0.45497572 1.        ]
	person, 0.9946765303611755, [0.41751122 0.23235655 0.7612479  0.983644  ]
1580841658.8378553
	person, 0.9992638230323792, [0.21974874 0.33972597 0.45497572 1.        ]
	person, 0.9946765303611755, [0.41751122 0.23235655 0.7612479  0.983644  ]
1580841658.976254
	person, 0.9992638230323792, [0.21974874 0.33972597 0.45497572 1.        ]
	person, 0.9946765303611755, [0.41751122 0.23235655 0.7612479  0.983644  ]
1580841659.118236
	person, 0.9992638230323792, [0.21974874 0.33972597 0.45497572 1.        ]
	person, 0.9946765303611755, [0.41751122 0.23235655 0.7612479  0.983644  ]
1580841659.26065
	person, 0.9992638230323792, [0.21974874 0.33972597 0.45497572 1.        ]
	person, 0.9946765303611755, [0.41751122 0.23235655 0.7612479  0.983644  ]
1580841659.3992696
	person, 0.9992638230323792, [0.21974874 0.33972597 0.45497572 1.        ]
	person, 0.9946765303611755, [0.41751122 0.23235655 0.7612479  0.983644  ]
1580841659.5418878
	person, 0.9992638230323792, [0.21974874 0.33972597 0.45497572 1.        ]
	person, 0.9946765303611755, [0.41751122 0.23235655 0.7612479  0.983644  ]
1580841659.6948571
	person, 0.9992638230323792, [0.21974874 0.33972597 0.45497572 1.        ]
	person, 0.9946765303611755, [0.41751122 0.23235655 0.7612479  0.983644  ]
1580841659.835089
	person, 0.9992638230323792, [0.21974874 0.33972597 0.45497572 1.        ]
	person, 0.9946765303611755, [0.41751122 0.23235655 0.7612479  0.983644  ]
1580841659.978878
	person, 0.9992638230323792, [0.21974874 0.33972597 0.45497572 1.        ]
	person, 0.9946765303611755, [0.41751122 0.23235655 0.7612479  0.983644  ]
1580841660.1292055
	person, 0.9992638230323792, [0.21974874 0.33972597 0.45497572 1.        ]
	person, 0.9946765303611755, [0.41751122 0.23235655 0.7612479  0.983644  ]
1580841660.2753303
	person, 0.9992638230323792, [0.21974874 0.33972597 0.45497572 1.        ]
	person, 0.9946765303611755, [0.41751122 0.23235655 0.7612479  0.983644  ]
1580841660.4242933
	person, 0.9992638230323792, [0.21974874 0.33972597 0.45497572 1.        ]
	person, 0.9946765303611755, [0.41751122 0.23235655 0.7612479  0.983644  ]
1580841660.573933
	person, 0.9992638230323792, [0.21974874 0.33972597 0.45497572 1.        ]
	person, 0.9946765303611755, [0.41751122 0.23235655 0.7612479  0.983644  ]
1580841660.713857
	person, 0.9992638230323792, [0.21974874 0.33972597 0.45497572 1.        ]
	person, 0.9946765303611755, [0.41751122 0.23235655 0.7612479  0.983644  ]
1580841660.8580363
	person, 0.9992638230323792, [0.21974874 0.33972597 0.45497572 1.        ]
	person, 0.9946765303611755, [0.41751122 0.23235655 0.7612479  0.983644  ]
1580841660.9957993
	person, 0.9992638230323792, [0.21974874 0.33972597 0.45497572 1.        ]
	person, 0.9946765303611755, [0.41751122 0.23235655 0.7612479  0.983644  ]
1580841661.1349022
	person, 0.9992638230323792, [0.21974874 0.33972597 0.45497572 1.        ]
	person, 0.9946765303611755, [0.41751122 0.23235655 0.7612479  0.983644  ]
1580841661.2828438
	person, 0.9992638230323792, [0.21974874 0.33972597 0.45497572 1.        ]
	person, 0.9946765303611755, [0.41751122 0.23235655 0.7612479  0.983644  ]
1580841661.4279115
	person, 0.9992638230323792, [0.21974874 0.33972597 0.45497572 1.        ]
	person, 0.9946765303611755, [0.41751122 0.23235655 0.7612479  0.983644  ]
1580841661.579946
	person, 0.9992638230323792, [0.21974874 0.33972597 0.45497572 1.        ]
	person, 0.9946765303611755, [0.41751122 0.23235655 0.7612479  0.983644  ]
1580841661.7198665
	person, 0.9992638230323792, [0.21974874 0.33972597 0.45497572 1.        ]
	person, 0.9946765303611755, [0.41751122 0.23235655 0.7612479  0.983644  ]
1580841661.8654804
	person, 0.9992638230323792, [0.21974874 0.33972597 0.45497572 1.        ]
	person, 0.9946765303611755, [0.41751122 0.23235655 0.7612479  0.983644  ]
1580841662.0073671
	person, 0.9992638230323792, [0.21974874 0.33972597 0.45497572 1.        ]
	person, 0.9946765303611755, [0.41751122 0.23235655 0.7612479  0.983644  ]
1580841662.1594532
	person, 0.9992638230323792, [0.21974874 0.33972597 0.45497572 1.        ]
	person, 0.9946765303611755, [0.41751122 0.23235655 0.7612479  0.983644  ]
1580841662.2971437
	person, 0.9992638230323792, [0.21974874 0.33972597 0.45497572 1.        ]
	person, 0.9946765303611755, [0.41751122 0.23235655 0.7612479  0.983644  ]
1580841662.435303
	person, 0.9992638230323792, [0.21974874 0.33972597 0.45497572 1.        ]
	person, 0.9946765303611755, [0.41751122 0.23235655 0.7612479  0.983644  ]
